Language,Provider,Filename,Lines,Code,Comments,Blanks,Complexity,Bytes,ULOC
JSON,package.json,package.json,145,145,0,0,0,4204,135
Markdown,docs/source/zh-cn/tutorials/options.md,options.md,148,95,0,53,0,7470,85
Markdown,docs/source/tutorials/options.md,options.md,151,97,0,54,0,8113,87
TypeScript,src/liquid-options.ts,liquid-options.ts,192,144,41,7,30,8950,168
TypeScript,test/e2e/issues.ts,issues.ts,202,194,2,6,24,7937,146
TypeScript,test/unit/context/context.ts,context.ts,206,198,0,8,5,7193,135
TypeScript,src/context/context.ts,context.ts,123,100,18,5,31,4098,94
