Language,Provider,Filename,Lines,Code,Comments,Blanks,Complexity,Bytes,ULOC
C,test/unit_test.c,unit_test.c,3784,3251,151,382,1525,138178,2427
C,src/mqtt.c,mqtt.c,547,490,5,52,97,19016,385
C,mongoose.c,mongoose.c,22918,18600,1936,2382,4519,793583,14174
C,src/http.c,http.c,1163,1005,82,76,552,45058,915
