Language,Provider,Filename,Lines,Code,Comments,Blanks,Complexity,Bytes,ULOC
Go,service/utils/utils.go,utils.go,1113,917,1,195,203,21825,396
Go,service/profile/profile.go,profile.go,4535,3840,40,655,1055,90663,1537
Go,service/platform/platform_windows.go,platform_windows.go,63,53,0,10,6,1198,32
