index.js,src/index.js
